Visualize Configuration 0
-0.00000	-0.00000	 0.26000	-0.00000	 0.00000	-1.00000	 0.00269	 1.00000	 0.00000	 1.00000	-0.00269	 0.00000	
-0.00000	-0.00000	 0.18111	-0.00000	-0.00000	-1.00013	 0.00267	 0.99996	-0.00000	 0.99996	-0.00267	-0.00000	
 0.00000	 0.00000	 0.10223	 0.00000	 0.00000	-1.00014	 0.00266	 0.99997	 0.00000	 0.99997	-0.00266	 0.00000	
 0.00000	 0.00000	 0.02334	 0.00000	-0.00000	-1.00014	 0.00264	 0.99997	-0.00000	 0.99997	-0.00264	 0.00000	
 0.00000	-0.00000	-0.05554	 0.00000	-0.00000	-1.00014	 0.00263	 0.99997	-0.00000	 0.99997	-0.00263	 0.00000	
 0.00000	-0.00000	-0.13443	 0.00000	-0.00000	-1.00013	 0.00261	 0.99997	-0.00000	 0.99997	-0.00261	 0.00000	
 0.00000	-0.00000	-0.21332	 0.00000	 0.00000	-1.00013	 0.00260	 0.99997	 0.00000	 0.99997	-0.00260	 0.00000	
 0.00000	-0.00000	-0.29220	-0.00000	-0.00000	-1.00013	 0.00259	 0.99997	-0.00000	 0.99997	-0.00259	-0.00000	
 0.00000	-0.00000	-0.37108	-0.00000	-0.00000	-1.00012	 0.00257	 0.99997	-0.00000	 0.99997	-0.00257	-0.00000	
 0.00000	-0.00000	-0.44997	-0.00000	 0.00000	-1.00012	 0.00256	 0.99998	 0.00000	 0.99998	-0.00256	-0.00000	
 0.00000	-0.00000	-0.52885	-0.00000	 0.00000	-1.00011	 0.00255	 0.99998	 0.00000	 0.99998	-0.00255	-0.00000	
 0.00000	-0.00000	-0.60774	-0.00000	 0.00000	-1.00011	 0.00254	 0.99998	 0.00000	 0.99998	-0.00254	-0.00000	
 0.00000	 0.00000	-0.68662	-0.00000	 0.00000	-1.00011	 0.00253	 0.99998	 0.00000	 0.99998	-0.00253	-0.00000	
 0.00000	 0.00000	-0.76550	-0.00000	 0.00000	-1.00010	 0.00252	 0.99998	 0.00000	 0.99998	-0.00252	-0.00000	
 0.00000	 0.00000	-0.84439	-0.00000	 0.00000	-1.00010	 0.00251	 0.99998	 0.00000	 0.99998	-0.00251	-0.00000	
 0.00000	 0.00000	-0.92327	-0.00000	 0.00000	-1.00010	 0.00250	 0.99998	 0.00000	 0.99998	-0.00250	-0.00000	
-0.00000	 0.00000	-1.00215	-0.00000	 0.00000	-1.00009	 0.00249	 0.99998	 0.00000	 0.99998	-0.00249	-0.00000	
-0.00000	 0.00000	-1.08103	-0.00000	-0.00000	-1.00009	 0.00248	 0.99998	-0.00000	 0.99998	-0.00248	-0.00000	
-0.00000	 0.00000	-1.15992	-0.00000	-0.00000	-1.00008	 0.00247	 0.99998	-0.00000	 0.99998	-0.00247	-0.00000	
-0.00000	-0.00000	-1.23880	-0.00000	-0.00000	-1.00008	 0.00246	 0.99998	-0.00000	 0.99998	-0.00246	-0.00000	
-0.00000	-0.00000	-1.31768	-0.00000	 0.00000	-1.00008	 0.00245	 0.99998	 0.00000	 0.99998	-0.00245	-0.00000	
-0.00000	 0.00000	-1.39656	 0.00000	 0.00000	-1.00007	 0.00244	 0.99998	 0.00000	 0.99998	-0.00244	 0.00000	
-0.00000	 0.00000	-1.47544	 0.00000	-0.00000	-1.00007	 0.00244	 0.99998	-0.00000	 0.99998	-0.00244	 0.00000	
-0.00000	 0.00000	-1.55432	 0.00000	-0.00000	-1.00006	 0.00243	 0.99999	-0.00000	 0.99999	-0.00243	 0.00000	
-0.00000	 0.00000	-1.63320	 0.00000	 0.00000	-1.00006	 0.00242	 0.99999	 0.00000	 0.99999	-0.00242	 0.00000	
-0.00000	 0.00000	-1.71208	 0.00000	 0.00000	-1.00006	 0.00242	 0.99999	 0.00000	 0.99999	-0.00242	 0.00000	
-0.00000	 0.00000	-1.79096	 0.00000	-0.00000	-1.00005	 0.00241	 0.99999	-0.00000	 0.99999	-0.00241	 0.00000	
 0.00000	 0.00000	-1.86984	 0.00000	-0.00000	-1.00005	 0.00241	 0.99999	-0.00000	 0.99999	-0.00241	 0.00000	
 0.00000	 0.00000	-1.94872	-0.00000	 0.00000	-1.00005	 0.00240	 0.99999	 0.00000	 0.99999	-0.00240	-0.00000	
-0.00000	 0.00000	-2.02760	-0.00000	 0.00000	-1.00004	 0.00240	 0.99999	 0.00000	 0.99999	-0.00240	-0.00000	
-0.00000	 0.00000	-2.10647	-0.00000	-0.00000	-1.00004	 0.00239	 0.99999	-0.00000	 0.99999	-0.00239	-0.00000	
-0.00000	 0.00000	-2.18535	-0.00000	-0.00000	-1.00003	 0.00239	 0.99999	-0.00000	 0.99999	-0.00239	-0.00000	
-0.00000	 0.00000	-2.26423	 0.00000	-0.00000	-1.00003	 0.00239	 0.99999	-0.00000	 0.99999	-0.00239	 0.00000	
-0.00000	 0.00000	-2.34311	-0.00000	 0.00000	-1.00003	 0.00238	 0.99999	 0.00000	 0.99999	-0.00238	-0.00000	
-0.00000	 0.00000	-2.42198	 0.00000	 0.00000	-1.00002	 0.00238	 0.99999	 0.00000	 0.99999	-0.00238	 0.00000	
-0.00000	 0.00000	-2.50086	 0.00000	 0.00000	-1.00002	 0.00238	 0.99999	 0.00000	 0.99999	-0.00238	 0.00000	
-0.00000	 0.00000	-2.57974	 0.00000	-0.00000	-1.00002	 0.00238	 0.99999	-0.00000	 0.99999	-0.00238	 0.00000	
-0.00000	 0.00000	-2.65861	 0.00000	-0.00000	-1.00001	 0.00238	 1.00000	-0.00000	 1.00000	-0.00238	 0.00000	
-0.00000	 0.00000	-2.73749	 0.00000	-0.00000	-1.00001	 0.00237	 1.00000	-0.00000	 1.00000	-0.00237	 0.00000	
 0.00000	-0.00000	-2.81636	-0.00000	 0.00000	-1.00000	 0.00237	 1.00000	 0.00000	 1.00000	-0.00237	-0.00000	
 0.00000	 0.00000	-2.89524	 0.00000	 0.00000	-1.00000	 0.00237	 1.00000	-0.00000	 1.00000	-0.00237	 0.00000
Visualize Configuration 1
 0.00000	-0.00000	 0.26000	-0.00000	-0.00000	-1.00000	-0.96313	 0.26903	 0.00000	 0.26903	 0.96313	-0.00000	
 0.00079	 0.00030	 0.18112	 0.01997	 0.00747	-0.99992	-0.96404	 0.26529	-0.01725	 0.26514	 0.96415	 0.01245	
 0.00301	 0.00116	 0.10226	 0.03630	 0.01436	-0.99942	-0.96457	 0.26201	-0.03125	 0.26138	 0.96496	 0.02331	
 0.00639	 0.00253	 0.02346	 0.04932	 0.02050	-0.99875	-0.96496	 0.25901	-0.04232	 0.25778	 0.96566	 0.03250	
 0.01067	 0.00435	-0.05529	 0.05930	 0.02575	-0.99808	-0.96531	 0.25616	-0.05073	 0.25433	 0.96630	 0.03999	
 0.01563	 0.00655	-0.13399	 0.06657	 0.03003	-0.99750	-0.96570	 0.25337	-0.05681	 0.25100	 0.96691	 0.04582	
 0.02108	 0.00905	-0.21265	 0.07150	 0.03331	-0.99705	-0.96618	 0.25059	-0.06091	 0.24779	 0.96752	 0.05005	
 0.02683	 0.01177	-0.29128	 0.07440	 0.03556	-0.99676	-0.96674	 0.24779	-0.06331	 0.24470	 0.96816	 0.05277	
 0.03275	 0.01462	-0.36990	 0.07553	 0.03682	-0.99662	-0.96741	 0.24493	-0.06427	 0.24170	 0.96884	 0.05408	
 0.03869	 0.01754	-0.44851	 0.07512	 0.03712	-0.99664	-0.96816	 0.24203	-0.06396	 0.23881	 0.96956	 0.05409	
 0.04454	 0.02044	-0.52712	 0.07334	 0.03653	-0.99679	-0.96898	 0.23909	-0.06253	 0.23600	 0.97031	 0.05290	
 0.05021	 0.02327	-0.60575	 0.07035	 0.03510	-0.99705	-0.96986	 0.23612	-0.06012	 0.23328	 0.97109	 0.05063	
 0.05560	 0.02595	-0.68441	 0.06630	 0.03291	-0.99739	-0.97079	 0.23313	-0.05684	 0.23062	 0.97189	 0.04738	
 0.06063	 0.02843	-0.76309	 0.06130	 0.03005	-0.99780	-0.97173	 0.23015	-0.05276	 0.22803	 0.97269	 0.04329	
 0.06523	 0.03067	-0.84181	 0.05545	 0.02660	-0.99823	-0.97267	 0.22720	-0.04797	 0.22550	 0.97349	 0.03845	
 0.06935	 0.03261	-0.92057	 0.04885	 0.02265	-0.99867	-0.97360	 0.22430	-0.04253	 0.22301	 0.97426	 0.03300	
 0.07291	 0.03422	-0.99935	 0.04158	 0.01830	-0.99908	-0.97449	 0.22147	-0.03649	 0.22058	 0.97500	 0.02703	
 0.07588	 0.03548	-1.07817	 0.03371	 0.01364	-0.99945	-0.97533	 0.21873	-0.02991	 0.21818	 0.97569	 0.02066	
 0.07821	 0.03637	-1.15702	 0.02533	 0.00876	-0.99975	-0.97611	 0.21610	-0.02284	 0.21583	 0.97634	 0.01401	
 0.07986	 0.03686	-1.23588	 0.01652	 0.00375	-0.99996	-0.97681	 0.21360	-0.01533	 0.21352	 0.97692	 0.00719	
 0.08080	 0.03696	-1.31476	 0.00735	-0.00128	-1.00007	-0.97741	 0.21123	-0.00745	 0.21124	 0.97744	 0.00030	
 0.08101	 0.03666	-1.39364	-0.00209	-0.00626	-1.00007	-0.97792	 0.20902	 0.00074	 0.20902	 0.97789	-0.00656	
 0.08047	 0.03598	-1.47251	-0.01168	-0.01108	-0.99996	-0.97831	 0.20696	 0.00914	 0.20684	 0.97829	-0.01326	
 0.07916	 0.03492	-1.55138	-0.02133	-0.01568	-0.99973	-0.97860	 0.20505	 0.01767	 0.20471	 0.97863	-0.01971	
 0.07710	 0.03352	-1.63022	-0.03090	-0.01995	-0.99940	-0.97877	 0.20329	 0.02621	 0.20264	 0.97892	-0.02580	
 0.07430	 0.03179	-1.70903	-0.04025	-0.02383	-0.99898	-0.97885	 0.20167	 0.03463	 0.20063	 0.97917	-0.03143	
 0.07077	 0.02978	-1.78781	-0.04921	-0.02724	-0.99848	-0.97883	 0.20016	 0.04278	 0.19868	 0.97939	-0.03650	
 0.06656	 0.02752	-1.86654	-0.05761	-0.03011	-0.99795	-0.97875	 0.19875	 0.05050	 0.19682	 0.97959	-0.04091	
 0.06171	 0.02505	-1.94523	-0.06524	-0.03239	-0.99740	-0.97863	 0.19741	 0.05760	 0.19503	 0.97979	-0.04455	
 0.05630	 0.02243	-2.02388	-0.07188	-0.03400	-0.99689	-0.97850	 0.19611	 0.06386	 0.19332	 0.97999	-0.04734	
 0.05042	 0.01972	-2.10250	-0.07730	-0.03492	-0.99645	-0.97841	 0.19482	 0.06907	 0.19171	 0.98022	-0.04920	
 0.04417	 0.01695	-2.18108	-0.08123	-0.03510	-0.99612	-0.97838	 0.19351	 0.07296	 0.19019	 0.98047	-0.05003	
 0.03768	 0.01421	-2.25964	-0.08341	-0.03453	-0.99596	-0.97848	 0.19215	 0.07527	 0.18877	 0.98076	-0.04978	
 0.03109	 0.01154	-2.33820	-0.08354	-0.03319	-0.99599	-0.97872	 0.19072	 0.07572	 0.18744	 0.98108	-0.04838	
 0.02459	 0.00900	-2.41677	-0.08133	-0.03107	-0.99623	-0.97914	 0.18923	 0.07401	 0.18621	 0.98144	-0.04577	
 0.01837	 0.00667	-2.49536	-0.07648	-0.02820	-0.99670	-0.97975	 0.18768	 0.06984	 0.18509	 0.98183	-0.04193	
 0.01264	 0.00458	-2.57400	-0.06867	-0.02456	-0.99736	-0.98052	 0.18612	 0.06290	 0.18409	 0.98222	-0.03682	
 0.00766	 0.00282	-2.65270	-0.05760	-0.02019	-0.99815	-0.98140	 0.18463	 0.05288	 0.18323	 0.98260	-0.03042	
 0.00370	 0.00142	-2.73146	-0.04294	-0.01505	-0.99897	-0.98228	 0.18332	 0.03948	 0.18255	 0.98294	-0.02269	
 0.00103	 0.00046	-2.81029	-0.02421	-0.00887	-0.99966	-0.98301	 0.18233	 0.02241	 0.18209	 0.98320	-0.01363	
-0.00000	-0.00000	-2.88915	-0.00000	-0.00000	-1.00000	-0.98335	 0.18190	 0.00144	 0.18192	 0.98332	-0.00318	
Visualize Configuration 2
 0.00000	 0.00000	 0.26000	-0.00000	 0.00000	-1.00000	 0.69903	-0.71509	-0.00000	-0.71509	-0.69903	-0.00000	
 0.00175	 0.00077	 0.18114	 0.04424	 0.01982	-0.99897	 0.71690	-0.69707	 0.01796	-0.69612	-0.71686	-0.04495	
 0.00669	 0.00302	 0.10245	 0.08076	 0.03737	-0.99621	 0.73225	-0.68026	 0.03389	-0.67640	-0.73210	-0.08219	
 0.01423	 0.00655	 0.02400	 0.11019	 0.05234	-0.99271	 0.74599	-0.66430	 0.04783	-0.65693	-0.74570	-0.11214	
 0.02383	 0.01115	-0.05416	 0.13317	 0.06447	-0.98918	 0.75868	-0.64877	 0.05991	-0.63782	-0.75832	-0.13520	
 0.03502	 0.01659	-0.13206	 0.15045	 0.07367	-0.98605	 0.77071	-0.63335	 0.07032	-0.61926	-0.77041	-0.15196	
 0.04737	 0.02265	-0.20974	 0.16280	 0.08003	-0.98359	 0.78234	-0.61784	 0.07926	-0.60127	-0.78227	-0.16310	
 0.06053	 0.02910	-0.28726	 0.17087	 0.08370	-0.98191	 0.79373	-0.60209	 0.08683	-0.58384	-0.79408	-0.16922	
 0.07418	 0.03575	-0.36467	 0.17517	 0.08481	-0.98105	 0.80496	-0.58603	 0.09310	-0.56694	-0.80589	-0.17085	
 0.08803	 0.04239	-0.44205	 0.17615	 0.08353	-0.98097	 0.81608	-0.56962	 0.09806	-0.55051	-0.81770	-0.16843	
 0.10185	 0.04884	-0.51945	 0.17415	 0.08005	-0.98162	 0.82708	-0.55287	 0.10167	-0.53449	-0.82946	-0.16242	
 0.11540	 0.05494	-0.59692	 0.16942	 0.07458	-0.98287	 0.83798	-0.53580	 0.10380	-0.51881	-0.84109	-0.15321	
 0.12847	 0.06054	-0.67451	 0.16218	 0.06737	-0.98460	 0.84874	-0.51847	 0.10434	-0.50341	-0.85248	-0.14121	
 0.14088	 0.06551	-0.75226	 0.15260	 0.05869	-0.98668	 0.85933	-0.50098	 0.10311	-0.48821	-0.86351	-0.12683	
 0.15245	 0.06976	-0.83017	 0.14081	 0.04881	-0.98896	 0.86971	-0.48341	 0.09997	-0.47316	-0.87408	-0.11047	
 0.16301	 0.07318	-0.90827	 0.12693	 0.03803	-0.99130	 0.87980	-0.46588	 0.09478	-0.45820	-0.88408	-0.09255	
 0.17240	 0.07574	-0.98655	 0.11110	 0.02664	-0.99357	 0.88953	-0.44852	 0.08743	-0.44329	-0.89342	-0.07350	
 0.18046	 0.07738	-1.06501	 0.09344	 0.01495	-0.99562	 0.89881	-0.43146	 0.07786	-0.42840	-0.90205	-0.05372	
 0.18706	 0.07810	-1.14361	 0.07409	 0.00323	-0.99735	 0.90754	-0.41483	 0.06605	-0.41352	-0.90993	-0.03365	
 0.19208	 0.07791	-1.22233	 0.05324	-0.00823	-0.99865	 0.91562	-0.39876	 0.05207	-0.39866	-0.91705	-0.01368	
 0.19541	 0.07684	-1.30113	 0.03108	-0.01919	-0.99943	 0.92295	-0.38335	 0.03603	-0.38383	-0.92344	 0.00580	
 0.19694	 0.07492	-1.37997	 0.00783	-0.02942	-0.99962	 0.92942	-0.36869	 0.01811	-0.36910	-0.92912	 0.02445	
 0.19661	 0.07224	-1.45880	-0.01622	-0.03873	-0.99920	 0.93497	-0.35484	-0.00145	-0.35452	-0.93415	 0.04196	
 0.19436	 0.06887	-1.53758	-0.04077	-0.04697	-0.99814	 0.93955	-0.34184	-0.02232	-0.34017	-0.93861	 0.05805	
 0.19016	 0.06489	-1.61625	-0.06547	-0.05401	-0.99647	 0.94312	-0.32966	-0.04412	-0.32613	-0.94257	 0.07250	
 0.18404	 0.06041	-1.69476	-0.08990	-0.05977	-0.99423	 0.94572	-0.31828	-0.06640	-0.31249	-0.94613	 0.08511	
 0.17601	 0.05552	-1.77307	-0.11359	-0.06418	-0.99152	 0.94742	-0.30761	-0.08864	-0.29932	-0.94936	 0.09571	
 0.16617	 0.05034	-1.85116	-0.13602	-0.06721	-0.98849	 0.94837	-0.29752	-0.11028	-0.28669	-0.95236	 0.10417	
 0.15462	 0.04498	-1.92901	-0.15664	-0.06887	-0.98531	 0.94874	-0.28788	-0.13071	-0.27465	-0.95520	 0.11038	
 0.14155	 0.03954	-2.00661	-0.17482	-0.06917	-0.98222	 0.94880	-0.27851	-0.14925	-0.26324	-0.95795	 0.11426	
 0.12717	 0.03412	-2.08397	-0.18992	-0.06816	-0.97948	 0.94882	-0.26923	-0.16523	-0.25245	-0.96067	 0.11573	
 0.11174	 0.02884	-2.16115	-0.20125	-0.06590	-0.97737	 0.94913	-0.25987	-0.17789	-0.24227	-0.96341	 0.11477	
 0.09560	 0.02378	-2.23819	-0.20810	-0.06248	-0.97616	 0.95005	-0.25028	-0.18648	-0.23267	-0.96617	 0.11135	
 0.07912	 0.01902	-2.31518	-0.20970	-0.05798	-0.97609	 0.95188	-0.24037	-0.19018	-0.22361	-0.96896	 0.10550	
 0.06275	 0.01467	-2.39222	-0.20529	-0.05253	-0.97733	 0.95481	-0.23013	-0.18813	-0.21506	-0.97176	 0.09729	
 0.04701	 0.01077	-2.46941	-0.19402	-0.04624	-0.97994	 0.95895	-0.21968	-0.17944	-0.20701	-0.97449	 0.08686	
 0.03245	 0.00739	-2.54686	-0.17507	-0.03926	-0.98380	 0.96419	-0.20928	-0.16315	-0.19953	-0.97708	 0.07438	
 0.01973	 0.00459	-2.62465	-0.14753	-0.03171	-0.98856	 0.97019	-0.19940	-0.13832	-0.19279	-0.97942	 0.06009	
 0.00955	 0.00240	-2.70283	-0.11047	-0.02359	-0.99359	 0.97623	-0.19077	-0.10403	-0.18715	-0.98136	 0.04422	
 0.00269	 0.00085	-2.78138	-0.06256	-0.01436	-0.99788	 0.98126	-0.18439	-0.05948	-0.18317	-0.98274	 0.02689	
-0.00000	-0.00000	-2.86019	-0.00000	-0.00000	-1.00000	 0.98361	-0.18162	-0.00413	-0.18167	-0.98335	 0.00802